120 20 10
72 99 25 5 0 63 61 23 33 72 30 98 100 72 77 22 60 93 12 16 
87 28 3 24 12 82 89 27 93 6 94 7 7 21 3 38 9 79 22 15 
45 33 35 2 63 60 16 53 75 21 59 22 72 91 13 17 71 91 23 86 
39 36 83 77 43 57 4 72 9 7 63 83 67 35 52 80 77 74 43 40 
58 45 95 12 55 14 28 44 61 23 82 30 30 96 30 98 31 54 47 18 
36 86 0 23 16 81 74 55 5 85 7 62 3 15 52 11 89 93 37 16 
85 91 1 19 59 6 19 85 14 68 55 27 68 50 82 70 4 6 69 3 
2 39 49 62 73 78 78 91 14 7 84 2 60 1 64 2 100 10 72 9 
41 32 21 79 2 3 17 5 77 30 26 21 97 70 8 55 46 100 78 11 
0 0 19 83 16 39 90 19 29 17 91 87 96 8 70 8 30 54 60 30 
