129 17 14
78 6 92 35 23 34 16 7 19 14 27 37 53 54 27 97 77 
8 9 97 12 9 5 11 70 54 19 44 9 83 12 12 59 75 
14 86 15 12 65 73 68 3 82 42 95 49 54 52 29 90 5 
22 1 76 37 4 10 39 59 43 51 98 91 27 79 24 81 31 
75 1 3 3 66 66 64 96 26 18 42 34 48 70 62 21 69 
47 33 47 99 60 50 75 94 55 9 88 46 70 94 74 19 3 
25 42 2 88 32 63 59 11 43 11 42 1 28 93 37 32 57 
89 62 76 63 22 22 79 5 2 57 4 24 37 48 36 74 16 
4 20 26 46 11 37 21 20 22 75 13 57 9 87 39 99 27 
45 53 63 74 94 25 24 80 8 28 8 95 48 38 93 12 54 
1 41 54 95 80 0 6 51 48 96 88 25 9 38 82 77 72 
52 25 27 36 90 86 79 60 53 87 51 45 96 38 47 92 75 
68 86 21 73 10 57 79 13 12 9 9 82 24 92 69 49 45 
13 69 94 46 44 12 14 20 57 8 24 19 40 33 14 15 72 
