152 10 20
27 0 97 5 5 33 7 25 90 62 
67 70 46 51 12 10 24 19 52 41 
48 79 100 1 81 6 41 92 44 97 
55 68 17 95 28 55 43 14 55 44 
75 66 9 34 23 32 71 39 75 8 
45 1 71 48 100 5 62 60 98 17 
61 39 59 82 30 70 51 68 63 58 
78 68 40 6 28 26 85 28 87 87 
100 19 38 69 33 27 7 84 73 17 
44 33 46 21 85 1 62 64 19 49 
1 48 34 90 57 11 94 74 70 35 
66 33 72 79 81 20 89 12 60 57 
38 57 27 11 17 67 69 10 2 76 
51 76 9 78 22 15 18 52 9 48 
91 52 42 50 85 87 56 30 61 97 
2 94 33 0 88 68 68 72 26 42 
7 33 7 38 14 25 83 68 99 29 
18 1 5 25 100 74 84 87 38 6 
6 98 53 40 44 19 11 85 47 67 
28 33 83 57 89 39 28 90 28 89 
