135 14 12
92 41 19 46 54 29 10 12 99 20 61 76 35 93 
62 91 76 50 4 99 100 15 31 77 43 43 17 67 
44 75 33 47 79 35 22 99 42 80 31 15 42 2 
29 23 28 14 7 52 79 89 80 64 61 43 90 34 
67 5 3 51 15 38 27 52 11 52 19 48 2 77 
32 0 90 75 44 15 51 10 61 53 50 39 73 16 
0 1 38 26 57 95 56 25 10 77 14 76 0 34 
15 25 57 53 4 45 68 1 52 58 40 41 57 20 
98 10 65 20 0 9 35 11 21 79 79 48 16 5 
30 14 74 5 63 39 87 58 22 12 83 29 81 21 
67 10 5 40 20 83 80 31 30 32 29 7 9 82 
78 15 13 6 21 49 21 15 49 93 6 89 76 95 
