123 18 19
16 31 55 3 13 22 97 31 81 25 18 67 10 39 56 61 13 20 
43 94 43 76 61 28 67 72 2 49 58 65 40 26 93 12 11 37 
88 91 0 17 48 92 61 35 34 91 44 23 79 53 60 92 74 57 
58 44 11 34 50 63 31 83 88 7 21 50 53 17 91 29 28 9 
47 2 50 40 0 54 4 29 69 98 2 94 71 28 85 36 96 50 
40 76 23 57 81 99 52 62 45 75 30 40 51 15 13 95 0 97 
29 47 1 78 61 63 13 1 27 38 53 95 97 68 82 59 87 30 
3 0 69 47 46 90 27 5 65 73 99 26 30 63 7 50 91 84 
44 38 79 65 48 48 87 88 5 17 43 18 27 74 93 5 49 14 
17 93 15 45 78 28 20 9 57 61 65 87 58 40 84 6 89 93 
0 23 47 100 21 19 96 6 84 33 12 93 6 18 77 4 88 82 
48 12 12 65 5 3 73 63 46 43 54 73 23 75 27 99 64 95 
34 64 0 25 77 96 78 55 2 15 36 94 5 60 46 13 24 4 
43 12 90 21 3 39 77 68 79 1 66 9 62 97 42 32 48 11 
71 82 44 26 20 67 7 62 46 20 68 45 14 81 0 64 100 74 
33 74 23 82 99 13 6 19 62 7 8 43 49 12 72 25 74 78 
50 98 18 31 100 2 44 89 92 68 39 14 58 89 34 8 89 7 
26 27 23 60 3 45 25 39 30 24 29 32 44 84 60 88 33 98 
69 5 21 51 68 31 93 54 79 84 0 96 15 38 55 80 94 76 
