159 20 20
94 15 61 4 15 33 91 98 95 0 1 1 2 40 41 97 98 37 91 99 
53 2 11 82 3 14 49 91 69 69 62 74 47 14 98 69 4 5 88 49 
19 25 33 70 39 80 20 16 58 12 46 58 44 17 45 98 72 76 80 44 
81 0 55 61 1 76 54 12 16 43 56 26 18 55 11 91 68 68 39 62 
50 1 92 93 54 2 2 81 68 47 6 98 92 50 88 25 44 14 3 46 
88 1 10 31 38 79 33 16 32 38 88 77 80 29 86 86 13 92 27 59 
52 8 1 59 95 53 37 0 99 32 89 10 93 12 12 58 62 37 3 93 
28 24 46 70 56 22 69 20 5 9 9 10 27 2 19 63 20 64 46 86 
61 82 78 46 17 3 45 25 89 58 34 34 37 0 89 47 47 14 14 84 
88 9 20 80 30 2 38 47 8 57 61 33 14 18 29 12 43 95 34 45 
61 19 59 56 74 97 24 35 11 70 28 88 11 87 21 90 57 33 25 64 
27 31 53 2 5 76 39 7 16 69 47 97 28 89 71 79 25 11 53 56 
23 60 87 24 18 52 68 60 6 19 40 69 35 86 97 65 24 91 50 53 
55 88 36 53 84 40 78 93 8 83 11 52 91 33 71 81 14 77 49 30 
0 23 37 16 50 70 3 51 7 50 87 51 14 70 28 80 36 35 13 88 
90 91 73 6 94 55 20 18 96 67 48 22 73 9 60 24 80 36 6 14 
10 28 17 79 72 43 61 51 75 29 10 60 10 13 14 37 91 68 47 17 
71 75 39 92 45 23 4 32 48 59 1 33 19 50 82 73 33 51 46 38 
14 81 21 17 1 82 35 84 9 78 32 27 83 90 18 65 97 80 13 17 
13 28 63 69 94 87 48 26 82 61 77 2 48 83 4 28 87 14 28 84 
