181 20 20
49 59 9 94 70 7 11 0 41 69 21 6 58 12 79 59 96 9 90 1 
54 73 29 88 10 47 36 55 34 74 10 37 37 29 9 39 28 56 2 99 
12 68 27 90 1 65 63 74 71 84 15 92 12 34 77 53 8 59 85 60 
18 84 20 4 94 2 36 73 36 85 13 29 63 66 98 36 69 35 77 99 
50 79 61 78 18 63 94 58 43 32 64 85 65 47 41 27 55 34 95 68 
70 90 15 99 54 71 79 58 71 47 66 85 95 66 1 15 100 17 63 61 
89 79 29 88 0 6 63 55 64 80 59 23 48 10 17 5 47 16 51 45 
60 85 54 12 13 98 99 1 93 11 19 10 98 83 96 34 87 8 57 30 
98 20 6 16 99 72 96 5 10 80 19 69 10 12 72 97 49 29 89 98 
19 76 63 2 82 43 50 4 0 47 76 52 20 96 74 97 65 41 33 89 
33 67 96 15 43 89 49 8 51 41 65 50 56 63 18 46 90 59 80 88 
31 97 6 67 63 16 54 4 71 14 79 74 78 96 31 49 29 3 76 26 
69 16 20 70 7 32 16 43 17 68 18 37 50 11 30 68 30 6 100 93 
56 88 63 57 85 43 54 29 27 98 10 27 77 7 67 66 57 51 56 99 
49 40 71 49 98 50 39 64 31 90 66 98 25 38 64 50 85 56 3 14 
2 35 5 26 8 80 15 100 48 63 71 31 88 88 1 57 70 62 76 98 
81 75 34 78 69 94 72 68 71 37 54 13 10 27 79 63 0 71 81 27 
46 76 76 94 3 75 75 76 3 65 61 40 14 14 63 17 89 12 70 59 
26 17 62 91 41 79 42 14 71 17 3 74 32 92 22 44 80 73 59 1 
92 36 41 27 41 43 38 81 43 38 35 44 69 73 74 4 0 86 45 58 
