165 20 20
89 87 86 66 51 58 23 63 91 11 53 67 65 22 50 45 13 16 87 36 
6 13 20 65 88 76 55 10 92 45 7 84 41 45 57 73 4 97 30 86 
90 30 28 48 23 6 91 73 70 79 7 47 58 48 95 49 21 11 41 73 
46 16 29 44 16 91 5 80 84 44 81 56 87 35 64 44 15 70 54 23 
0 14 55 85 0 16 51 46 3 44 79 56 46 86 61 12 36 76 74 15 
44 41 71 0 85 92 9 76 90 33 2 18 66 79 24 77 52 14 14 27 
96 95 2 38 81 71 48 35 8 9 64 12 13 6 75 68 20 90 11 10 
45 45 63 2 19 14 93 41 15 8 52 45 22 75 0 56 34 58 71 58 
17 0 3 87 9 4 84 1 77 6 50 85 81 26 12 62 26 27 24 55 
58 78 86 20 96 56 54 36 43 75 57 30 33 51 20 1 66 40 100 35 
10 96 84 95 87 39 75 99 55 44 12 8 89 79 11 21 87 47 49 31 
98 89 59 39 33 36 7 72 94 41 9 62 96 30 91 83 25 42 99 13 
87 65 19 95 82 65 9 8 60 88 22 40 87 21 76 40 38 30 67 82 
45 35 49 75 95 34 0 61 49 22 80 40 11 10 64 66 36 35 72 93 
93 94 1 78 3 81 57 36 73 57 22 5 25 91 60 96 46 75 63 0 
13 47 62 27 2 65 23 30 8 11 45 10 53 45 64 15 44 26 73 42 
78 44 49 33 4 44 75 80 5 84 49 6 20 43 57 27 54 87 2 15 
97 30 60 17 12 82 55 14 39 60 44 79 27 9 86 11 40 89 46 20 
15 54 20 79 88 59 23 71 21 10 63 89 38 12 97 33 58 50 33 78 
57 25 26 35 11 20 3 46 93 42 26 22 82 11 79 38 11 73 26 3 
